100
55445.623606 -21811.195346 0.000000 3.163051 -1.310434 1.000000
-25834.302784 57924.552011 0.000000 1.645558 2.285660 1.000000
73538.707400 16525.132155 0.000000 3.646804 -0.460594 1.000000
-9135.001166 -82115.722781 0.000000 0.701940 2.196918 1.000000
42316.185583 49028.890037 0.000000 -1.048830 -0.380804 1.000000
63288.081104 73629.168213 0.000000 3.653662 -3.856704 1.000000
66247.239553 31076.013867 0.000000 -0.670914 0.960243 1.000000
-32206.572994 4579.523022 0.000000 3.251056 1.227061 1.000000
8959.686010 -45731.586775 0.000000 1.033637 -2.493193 1.000000
36346.029574 14815.545169 0.000000 -1.182765 -0.631749 1.000000
-10384.335488 -61587.164874 0.000000 4.411426 0.253251 1.000000
69000.825473 -93435.761081 0.000000 2.541787 2.142770 1.000000
-90428.663164 50862.148242 0.000000 -0.957757 -3.680612 1.000000
98057.303841 89975.570584 0.000000 -3.280674 4.514693 1.000000
36670.648594 52658.045594 0.000000 1.836154 -1.694385 1.000000
76828.492429 -10944.781484 0.000000 6.643297 -3.143304 1.000000
-72214.202460 -52066.868919 0.000000 4.249899 0.420475 1.000000
-56081.285109 -101736.553624 0.000000 5.140814 1.376358 1.000000
67519.319848 37844.769361 0.000000 2.675458 0.579353 1.000000
-80791.217841 6774.451258 0.000000 -0.155474 -1.084231 1.000000
-16187.396238 85557.917923 0.000000 1.119677 1.934261 1.000000
-22657.437629 -53001.214273 0.000000 -3.249220 3.410800 1.000000
13572.875178 48197.044037 0.000000 5.850711 0.145622 1.000000
54639.361457 -80528.493472 0.000000 -1.308187 -4.368922 1.000000
-100595.601302 -12075.661678 0.000000 5.198339 4.570991 1.000000
37348.105382 -7918.878226 0.000000 7.514913 -1.218208 1.000000
29398.228108 3287.874975 0.000000 1.998572 0.717300 1.000000
1706.415597 42030.621556 0.000000 0.921386 -1.814846 1.000000
-48911.034127 -3297.334002 0.000000 2.664152 1.339802 1.000000
28945.135528 90820.673031 0.000000 -3.737924 -1.543000 1.000000
-53700.343557 2712.570369 0.000000 -3.497298 1.503201 1.000000
-23185.164089 -22853.493309 0.000000 2.027684 1.789910 1.000000
53706.757086 23794.607414 0.000000 3.217669 -0.004526 1.000000
-21528.992273 18165.024225 0.000000 -1.708816 1.636947 1.000000
-41421.679837 740.844241 0.000000 2.166517 -5.861817 1.000000
-78121.581617 45451.979562 0.000000 7.497398 -2.432282 1.000000
-16762.294143 2282.038342 0.000000 -0.187392 0.239266 1.000000
95511.823853 99871.633744 0.000000 1.663593 -1.994039 1.000000
-52581.973257 47090.130650 0.000000 1.256512 -0.226007 1.000000
-83717.910484 -50116.515995 0.000000 -2.743082 5.295326 1.000000
-68046.587640 56691.249558 0.000000 -3.006279 -4.239098 1.000000
45025.661414 64412.693177 0.000000 0.530823 -2.198756 1.000000
-43081.932811 -56328.976917 0.000000 4.097965 0.362834 1.000000
3382.262756 11068.090650 0.000000 -1.009059 -2.904081 1.000000
43434.743253 -70733.657108 0.000000 -2.776783 -0.135886 1.000000
-1172.291345 92795.454356 0.000000 0.836600 -3.866133 1.000000
35039.968897 78703.600569 0.000000 3.639652 0.350765 1.000000
-33119.091661 -14314.328678 0.000000 4.129958 -1.892137 1.000000
-562.847958 48412.968774 0.000000 -0.720183 -0.319349 1.000000
-99210.357161 61076.530098 0.000000 -2.363071 0.764478 1.000000
-53907.239388 -74270.888022 0.000000 -0.404179 0.321945 1.000000
3467.453780 32391.521129 0.000000 -0.949655 -0.729271 1.000000
31072.207908 -4081.780931 0.000000 -3.609678 -2.094741 1.000000
29202.102165 81551.293214 0.000000 -0.808046 2.523296 1.000000
-60052.707626 48545.244389 0.000000 2.776844 0.707834 1.000000
-71626.281345 -25038.240605 0.000000 1.921221 -3.561148 1.000000
2175.437823 76460.442537 0.000000 1.872018 -1.360436 1.000000
-63686.602089 62154.561136 0.000000 -0.839497 2.718593 1.000000
-82929.589040 42756.716547 0.000000 -0.797160 -2.617041 1.000000
-29838.403850 63566.208873 0.000000 2.116640 -4.965393 1.000000
75084.114099 72050.362759 0.000000 -1.322964 -2.564451 1.000000
53300.608569 7063.026384 0.000000 -2.175419 2.693768 1.000000
47692.904764 -82879.537752 0.000000 -6.554859 -0.803886 1.000000
95809.750415 -55930.998525 0.000000 3.018627 -2.533869 1.000000
68594.489586 99660.444010 0.000000 0.373943 1.902078 1.000000
-97915.526991 -88373.812270 0.000000 -2.103975 1.479855 1.000000
-77671.494768 8612.984620 0.000000 -2.429149 -3.062096 1.000000
47078.767423 56461.771704 0.000000 1.309518 -0.960630 1.000000
-98529.851703 -26780.187025 0.000000 1.665655 4.002719 1.000000
34952.006355 -55521.504668 0.000000 1.575339 -3.168611 1.000000
-81295.993392 66386.783574 0.000000 2.692564 -1.612781 1.000000
22501.309386 23940.496652 0.000000 -1.743423 -0.602104 1.000000
39786.167547 61875.761958 0.000000 -0.254106 3.392914 1.000000
-16965.998824 59917.629263 0.000000 -5.284344 4.067243 1.000000
1571.424455 56256.651986 0.000000 3.209548 0.685212 1.000000
20422.783476 -26405.516716 0.000000 -3.766983 -0.202084 1.000000
25245.958134 -29337.664567 0.000000 0.426027 0.948934 1.000000
83718.566280 -30122.191762 0.000000 3.173039 5.319040 1.000000
-9156.149611 76467.258131 0.000000 0.796823 -3.043952 1.000000
17007.866324 -43622.718589 0.000000 1.780419 0.069280 1.000000
73066.651385 22153.395945 0.000000 0.766750 -2.030602 1.000000
-28935.474247 98456.215181 0.000000 0.478724 -1.299832 1.000000
-72294.677998 -84917.759533 0.000000 2.508389 0.675555 1.000000
51856.932224 -67763.471138 0.000000 2.294570 -2.397695 1.000000
-8636.893850 -16252.118033 0.000000 3.398319 1.509362 1.000000
-20223.921146 13128.165466 0.000000 2.834016 -1.083114 1.000000
-52926.391072 -100783.666420 0.000000 1.146930 0.060171 1.000000
-65992.392542 89920.835039 0.000000 1.404693 -1.983547 1.000000
64153.154102 20102.663294 0.000000 -1.111838 -4.694356 1.000000
46777.409642 -37336.476714 0.000000 0.199199 2.059242 1.000000
-26701.737428 -35860.865446 0.000000 4.724107 3.374072 1.000000
39319.061230 101605.277318 0.000000 0.339033 4.686388 1.000000
37862.526600 19976.568947 0.000000 1.051176 -3.253034 1.000000
-31577.969105 -74354.681575 0.000000 4.615090 -2.892951 1.000000
-6617.224167 88490.949928 0.000000 -1.029814 -0.592976 1.000000
-14916.342576 -36611.626954 0.000000 0.762667 -4.546994 1.000000
7583.293164 59209.240764 0.000000 6.778290 -0.524461 1.000000
-41216.466434 38349.673730 0.000000 -1.439266 -4.802020 1.000000
77352.535891 -92420.588870 0.000000 -0.606100 -1.277015 1.000000
73647.257252 -34345.418474 0.000000 -0.663059 2.480101 1.000000
